32769
98306
98307
4
6
98311
98317
98318
32784
17
32787
98327
65563
98336
36
38
98345
98346
98347
98348
76466
32814
48
32823
65595
98367
64
65601
32834
32835
98375
65611
32848
65618
65625
65630
99
98409
108
109
32879
112
65649
65652
32886
121
65661
130
32899
98437
98439
32906
98443
98445
65684
32918
65689
98463
65696
65698
32931
98476
32941
98482
32948
98485
32954
32959
196
65733
65741
207
65748
219
98527
229
65767
65770
98544
98546
65779
98548
250
252
32810
98560
71040
33028
261
262
98568
65801
33034
268
98575
98576
33044
49198
33054
98598
98604
304
98610
98611
98613
33081
314
27359
65852
321
33091
326
33095
330
33100
65878
33112
98650
65883
33122
33123
358
98664
361
98667
368
369
372
98679
98680
98683
98685
65922
98694
33609
65929
396
66
401
403
98708
65942
65945
411
65948
33181
98719
65952
417
98728
98729
427
65967
98739
98747
33212
98749
65982
447
33219
98756
65991
98760
98762
66000
33236
76537
98778
98779
66012
66015
80
33253
66023
98798
496
66033
98802
500
66038
98807
504
66042
507
98813
66048
66049
66050
516
66053
66056
38316
522
66060
66061
98832
98833
33300
33302
33306
66076
541
66078
66080
66082
66090
556
33330
66102
66106
33339
579
98888
33353
66124
98895
66130
595
601
66139
21946
66142
98913
33379
616
33387
621
98927
626
66164
33397
65641
11028
33402
33403
66176
33412
647
98952
651
98956
66189
66190
33429
33431
98969
66205
66208
98979
62853
98983
680
33452
98989
98990
66224
66226
66227
66233
99002
99003
99008
706
33480
99017
99020
717
66254
66255
66256
66257
99027
724
92965
99043
33511
99048
33515
66287
76584
66295
99064
66297
33530
764
33533
99070
33538
99076
774
66321
66323
99092
33558
66328
99098
33564
99103
805
21980
810
99115
66348
66360
66361
33594
99131
99132
33602
99139
836
33607
99144
66377
842
99149
33616
850
66387
66394
99166
38373
99169
866
43674
66414
66417
66421
33654
66425
890
891
99196
99197
99198
66433
66438
66443
910
99215
33685
66455
99225
925
33695
33696
929
33700
933
934
33703
66472
66473
33710
946
99251
948
33720
954
66492
99261
958
66496
99267
66501
966
33738
33743
33746
99284
983
984
33753
99290
27471
33758
33759
1001
60242
33774
66543
99312
33780
45861
33788
33791
66564
99333
66570
66571
33810
33814
1047
66591
1057
66595
99371
1068
99375
33841
1083
1086
1091
66628
99399
1096
1100
1101
1102
99407
66640
99410
1108
33879
66648
33883
1116
22032
33895
99439
33908
99448
99451
99452
33922
5494
66694
1159
33937
33938
66713
1178
1179
66718
99487
1185
33954
1193
99499
99507
99508
33974
66743
99512
27508
66746
66747
33980
33982
66751
1224
1227
66765
66769
99539
99540
66773
66774
93049
1241
66778
66783
99558
66791
1256
99565
66798
66799
66802
34036
66807
34041
1275
99580
66815
99585
66820
1285
1286
34057
1294
1297
1300
1301
99607
66845
1310
99615
66852
1317
99625
99627
1324
99632
34098
1333
34112
1345
99651
99652
66886
1353
34122
99659
66898
99667
99670
66908
1373
99679
34145
99685
98535
99692
34157
99694
34159
34161
99702
1401
1403
34173
99711
99717
1419
34189
16621
1424
34195
99740
34205
66978
99747
66980
99752
34217
99754
99760
243
1460
34229
1465
34234
60319
67006
34243
1480
1481
67021
34254
34255
1488
67025
99795
32307
99800
1497
67034
34269
34270
54864
34277
34281
34287
34292
34294
34296
34300
34303
34306
54870
67078
67087
34320
99857
67092
67093
99862
34327
65796
99867
34332
99874
99880
34350
67122
1589
34358
34360
99898
65802
34366
1604
67148
34382
34383
67159
34393
99930
67167
33040
99939
34405
99950
34415
67184
99954
34419
34425
34428
34430
1663
67202
1672
99978
67215
99986
1684
99993
67226
1691
1693
43973
16667
34468
34471
67245
1713
67253
34489
67261
34497
67272
67273
67274
1739
34512
34529
67301
34534
67307
1772
67309
34548
34553
1786
67324
1790
1792
67329
67330
67337
67342
1807
1813
1814
1815
34584
1817
1823
1837
34608
34610
1843
34612
1848
34617
67394
1859
34628
34629
1863
67400
67403
98617
67418
87695
34653
1887
34656
34659
34668
67439
34675
1909
34687
1926
34698
67468
67469
67472
64441
1942
67481
67482
34715
67485
34718
34720
34722
1955
65862
1965
67504
67506
34742
1989
34758
34765
67536
2001
34771
34773
67547
76794
34785
67556
15343
67561
71335
34797
2030
67573
34814
2049
2051
34822
67595
34831
344
67604
2071
2072
67613
67615
2080
34850
2087
93191
34861
2095
34865
67640
34876
2114
2119
34892
2129
2130
34899
2148
67689
34922
2155
2156
34925
2159
65896
34931
2168
34940
67709
2174
2177
67714
67715
34948
34950
67727
67728
2202
67739
67740
2205
2214
2217
67760
34994
34997
35002
2240
67781
67783
5836
67797
54992
35043
67812
2277
2278
67815
2282
2289
2290
2294
67831
2301
2307
67846
2314
67853
67854
2323
2328
2332
35102
67878
2344
67881
2348
35118
35120
35122
2358
393
2366
67903
67904
35137
2373
67910
2376
10054
35155
67924
2395
35164
2398
2402
35172
2406
11324
35184
35185
37179
2432
67969
67974
35208
2444
35213
67984
67988
67990
16793
2457
67996
2461
2467
27718
35239
2474
68017
2484
35254
68023
35256
55028
68029
2495
2496
82336
68035
68041
68048
68049
76878
68054
68055
35294
2527
35298
2533
68070
68071
35307
65960
425
2554
68091
68094
35328
35329
2562
35331
68105
2573
35342
68112
35346
2584
35353
35356
41549
68128
68129
2597
2598
35369
29547
35372
2606
35378
35380
35385
68155
68170
35403
64205
35410
2648
35423
68192
68195
55057
2671
35441
68212
98750
2680
35451
6636
35456
35458
35461
2698
68237
68238
35477
2718
68255
2734
35511
35512
2749
2754
2766
2767
2769
35538
2772
68311
35544
2779
68320
98768
69925
2792
35564
2798
35567
2801
2806
68344
2811
35582
68352
68356
68369
2835
68373
35606
82393
2841
2846
2848
2855
35629
2865
68404
68405
35638
2871
35642
35644
68414
68418
35652
68423
35656
2893
68435
35668
88478
2904
35679
68448
35683
68460
35697
35698
68467
35700
68473
2938
35707
68476
2944
35717
68488
35723
35730
68501
35734
68504
68505
68506
68509
68511
68516
2983
35752
2989
35760
2995
98806
68553
3022
38733
3024
35793
35799
68569
3035
68575
68579
35819
3059
68600
22356
35834
68603
38741
35845
513
3088
3093
3099
35868
68639
68642
35878
35879
68648
82073
35882
35887
35889
3129
35902
3138
68679
3147
35916
68686
3152
35924
3158
3161
35931
68701
22374
3176
35946
3180
3183
35954
68725
35962
93375
35965
3198
3199
68736
66070
35974
35984
68754
68757
35990
68763
68767
68771
36006
3240
68777
3245
3246
36019
36025
3259
3262
68800
36042
68811
3278
36048
68828
36063
36066
68835
36072
68841
36074
18466
68846
68848
36084
36087
22399
68860
68870
36103
3336
36107
36109
68886
55172
36125
36132
3365
68903
36136
36138
66671
3379
3382
3383
68921
36157
3395
36166
3400
77027
68948
3413
77028
3418
3419
3420
570
36191
36192
36198
36206
3440
3442
68980
36218
3452
36223
68997
3466
36238
69011
36245
69014
49732
3483
3484
69023
69025
69033
69036
3502
36271
3507
36277
36280
69054
69055
36288
36289
3526
69067
3534
3540
69078
69082
3547
3548
55205
3557
3558
3559
36329
69100
69101
36336
69109
36342
3578
77055
69117
36352
3590
3591
36361
69131
3596
3599
43765
69153
98907
69157
69159
69166
3631
3633
69185
37220
3669
36449
60909
3685
3688
3692
3695
36468
69243
69244
39404
69246
69248
3714
3716
3722
69264
3731
69269
36502
3740
36518
3752
3754
3756
33394
69297
3763
98932
3772
36542
69311
36546
36549
69322
3788
69325
69326
69327
3794
3795
36565
36566
36568
3804
36574
3819
69356
3821
3824
69363
36596
36598
36600
11562
3843
36612
3847
3849
69395
3863
3864
69405
69410
36644
8858
36655
3888
69429
36666
3899
69436
69437
68871
69441
36674
36677
36679
69454
33421
36689
36691
69460
36693
36697
3930
69469
3934
69472
36706
27963
36710
36711
36713
3947
3950
69490
69491
69493
3960
69497
36730
3963
36735
36737
69508
69510
3975
3976
69516
69517
69523
36758
3992
3993
69541
33437
4017
69556
36791
4026
69563
4028
4032
36805
4038
17057
4040
36811
69582
77133
69588
4054
36827
4067
36837
80879
36843
78697
36848
69619
6142
36855
81971
4099
4106
36894
69663
17072
4135
4138
36907
36908
69678
691
36916
69691
69692
69695
4167
36938
85247
36944
69714
36947
4181
32873
36957
69729
699
69732
4197
36967
69736
4207
36976
69749
69754
69757
36993
4226
69763
69764
4229
4235
4236
69774
37008
4242
69779
69782
69783
38938
4256
37025
37028
37032
4270
4272
712
4277
69815
37049
4282
37058
4293
1556
69844
37079
37083
4319
33488
4322
43789
69861
37098
37099
40516
69878
69880
4345
69882
37115
4348
69892
69894
69895
4362
4365
69903
4371
4376
69913
69923
37157
37160
37162
4399
37168
4401
4402
63432
4407
69947
37182
37186
4419
4421
69959
69961
37201
69972
69973
4438
69975
4440
28047
4445
4448
4449
69988
4453
37223
69992
4457
4458
98350
69998
4467
70005
92895
37249
37250
70020
37253
71745
4488
70026
37259
70029
37263
4496
70034
4506
49905
70057
37290
37294
4528
4530
37300
1242
70074
37308
16518
70080
23065
37320
37325
68893
37335
37336
70106
37342
4578
70116
70119
4584
37360
70145
37386
4622
37392
4625
4626
4634
37405
4647
4648
70190
70193
70203
4668
4669
93621
4673
44892
37452
70223
4693
60857
70239
37475
37477
70246
37480
70251
37487
4720
37492
4725
4731
70270
49941
6252
4746
11714
70288
37524
49945
70297
37532
4770
70308
37545
4784
37553
4786
11721
37560
70331
4799
37569
37581
70350
4816
4818
4820
70357
17188
37594
4827
4830
4838
37614
37620
4853
4855
4857
70401
49963
37639
33580
4875
4876
17197
70416
70420
4892
4916
70461
70466
70470
4935
4941
70478
37716
70487
37725
4960
37731
4972
37741
4974
70511
70512
37747
4980
37750
27444
70525
4993
17639
5004
99138
44525
37776
70549
37782
66372
37793
22683
37796
37802
37803
70574
70575
66376
5043
70581
70583
77300
37818
70591
5062
60919
70610
5081
70618
37851
70627
37866
5107
37881
70650
5122
37892
5126
37895
5133
70672
70679
37913
37915
37919
71856
70690
5155
37924
77318
5166
70704
88243
5176
5181
5183
70721
5195
70734
37977
70746
70747
5212
5218
6331
70758
5224
38005
38007
70776
5241
5242
70782
70783
5250
70792
70797
5265
38035
5268
38039
70810
70815
38052
99185
5288
17634
38058
5297
5303
95105
38085
5318
70860
38095
70865
5330
5331
38102
5338
5340
70879
70881
8907
38121
5355
5358
5359
70896
38130
38131
33662
5372
5379
38149
70918
33665
70928
70932
38171
70941
38181
5417
38188
38189
5423
5427
70964
38198
5432
5435
70975
5442
38213
38214
38215
38216
38229
38232
5467
71006
22759
5485
5486
38258
5492
38262
71033
71036
5501
71038
917
5504
82838
5512
38289
38292
71064
5531
5536
38310
38314
5548
38318
38319
77384
5554
5556
38325
38328
5561
5565
71104
71108
71109
71110
38343
71112
55543
71127
71128
99236
38363
71134
38371
66470
71143
5609
935
38381
71151
5616
5617
71156
38392
38401
71173
71178
5645
5647
942
71191
5656
71196
5663
5669
5676
41652
5688
5690
38461
5698
71239
71242
71247
38483
38493
71262
37289
38499
38504
5744
71281
5746
71287
71288
71295
71299
71306
5772
5779
38551
5786
33733
71332
85301
71334
38567
71337
71965
71344
38581
38582
5816
20925
5827
5829
71368
38602
71372
82893
5843
5847
38616
38618
71390
71393
38629
71400
38636
71409
5876
980
71419
71425
5890
38659
38661
5896
71434
5901
38675
5911
5912
71455
38689
38695
38697
38698
97308
38713
38718
71487
71493
71501
38734
44685
71509
5974
38745
71515
5980
71529
38768
6004
6009
38778
25296
71556
71560
38802
38812
38815
71588
71592
71596
11935
71615
38849
6082
6084
11937
6088
71635
38874
71643
6113
6119
66556
38899
38902
71674
71678
38912
71683
6151
6153
6155
71693
38926
71695
38934
71706
38942
71712
20937
38958
38967
38968
71742
38975
38977
6210
6217
71755
71760
44728
82959
6236
6237
6238
71783
39020
71793
71794
39029
6266
39039
6272
33815
39052
71821
71824
39057
39062
26397
6309
39079
71849
71852
71853
6320
39092
39098
99359
39101
6335
71873
39112
15487
39117
39119
6363
6366
71904
71908
39141
39148
6383
71920
39153
39154
71923
6388
6391
61316
6395
6396
39166
22912
6402
6407
71944
6424
71961
39195
6429
39210
71988
39221
71991
39229
72007
72009
6474
39244
39249
39251
6485
39256
39268
72039
6505
39275
72048
39281
72050
39283
39284
72056
72058
72061
39294
6532
39301
39307
6550
39322
39323
6556
72093
39332
39336
39343
39344
72114
72116
72117
6582
72121
39361
39362
72131
6601
6604
6612
39383
6564
6618
66639
39389
72160
72162
39395
72172
61181
6644
61182
6646
72188
72190
6655
39430
72199
6665
39435
72206
6671
39445
6678
39449
39450
22959
6690
6694
72233
39467
6702
39472
39474
6707
39486
72257
39492
39494
83041
6729
72268
72269
6742
39512
72284
72293
39527
6766
44819
64602
87516
72317
72318
6788
72327
39563
39564
72130
72340
72341
1135
39582
6817
72356
39589
6823
39595
72369
6834
39605
6838
72381
6848
72385
39618
88523
39624
39628
39629
6862
66680
72402
12068
55759
72418
39651
72420
72422
39656
39657
72428
6894
39663
79882
71153
6900
39670
6903
6907
6909
6910
6911
72449
39684
6918
6921
72458
39692
39696
6934
6941
39712
39387
94001
72492
39729
39732
6965
6977
39750
39752
39754
83085
39765
72548
72552
66706
39794
72564
7029
7030
72571
17558
72585
7054
72591
72598
39831
72601
39407
66714
39842
88561
39848
7081
39859
7098
7101
72643
72647
72648
39881
7114
39884
39885
39889
72659
39894
23033
72665
7130
39900
39901
39912
39916
7150
39920
39922
99531
39927
39928
72697
7164
39934
72707
7172
7176
7182
72719
72721
72727
39960
77658
72734
55813
7201
7203
39973
72743
7209
39978
7212
7215
7224
33972
7230
72768
72773
72774
7241
7251
40021
38431
40032
40037
40041
72816
40049
7284
99518
7289
7290
7296
40066
72835
7302
72841
40074
40077
72848
7314
72853
72854
7319
40088
40089
7322
40093
40096
39451
40106
72875
7343
7350
40119
40121
72891
72897
40131
40133
72904
72912
7378
40151
40153
72922
40159
61307
40166
1233
72936
12156
72939
72940
7407
7409
7410
7415
66772
51530
7422
90811
40203
40206
72978
72984
7449
7451
7453
94085
40224
40230
72999
73000
73001
73008
50398
40247
73017
40250
7490
73028
73031
77708
40266
7501
7502
7503
73040
7505
73042
40280
73049
7518
6797
40292
50407
73068
40303
40305
73098
7563
7565
73104
7569
73106
7576
7582
73125
39495
7597
7598
73137
7603
73141
73144
73145
7611
73158
40391
73164
73166
7633
73174
77732
73180
97365
40417
40422
7655
23122
40430
7667
73204
40442
40443
73214
40447
7690
17666
73230
7697
64633
7708
40483
73254
40493
40496
7729
40498
7733
73271
40505
73275
7740
7744
73281
7748
73285
73286
88673
40525
7758
40531
40532
7772
73310
40544
40545
40546
7781
73321
73326
23173
17683
7804
73341
34069
73344
73351
7819
7822
7832
73370
73374
73378
40617
34077
73393
34078
7862
73401
40634
34079
40637
73407
7874
28619
73417
73420
40661
40663
73440
40673
7912
73453
7923
7928
40697
7933
73470
49365
73484
73487
73488
40721
73491
73496
73499
7967
34096
7970
40744
40749
73518
7991
7995
40767
90830
73543
8013
40782
72333
8020
8021
40791
73560
40793
8026
73563
40799
73568
73570
73575
8041
8042
8049
40819
73588
40826
73595
8060
8064
28651
40836
71192
73609
40844
8085
73623
73624
40857
8092
73630
8095
73636
53735
73640
8105
40876
73654
66889
8126
8132
73672
40912
8146
8149
8151
73695
73701
73706
8172
8176
73717
40959
40960
73733
73734
8203
73740
73742
73750
40985
73759
40993
8231
34141
8240
73781
73782
41016
73790
73791
41025
45067
49376
58321
41062
41063
73835
55924
73848
41082
73852
41093
8327
8329
8331
6850
41103
73872
8337
56003
73877
41111
8344
8348
41117
41121
8354
41126
99697
73898
8363
73905
73907
8373
41142
8379
73917
73918
17781
73921
41161
8398
8400
12323
17785
41178
8412
8414
8422
8423
83324
8427
41196
8429
73968
73973
8439
66943
73982
41215
8456
73995
41231
8467
41238
8478
8479
8482
74021
74025
41269
74038
70543
74047
8512
8517
74055
8524
88802
8526
74067
59205
74071
74074
74079
8547
41317
8550
74089
8554
8556
8557
41330
74100
41336
8570
41344
45120
8582
8583
41354
74123
41358
74128
41366
41367
61508
72431
74140
74144
74149
10107
41389
74158
8623
8636
45131
74185
41418
41420
41421
66847
74194
74202
8667
41436
41439
12368
8675
41445
41446
41448
41454
74223
8693
41462
41467
8705
41474
8713
41493
94297
74266
74267
41500
41502
28763
8746
41520
17843
8756
41532
74301
8769
41541
41543
8781
74322
74325
74326
8793
41565
41567
41570
8808
8809
41582
74356
1470
41592
74366
41608
8846
8848
74386
17859
28782
41624
83396
17295
8859
41628
74397
74401
8870
8876
8879
99784
8884
74429
8897
74434
97407
41678
8913
74450
41684
41685
74458
41691
8925
74462
23333
8928
74465
41699
74469
8941
8944
41713
8947
93044
74491
41725
8960
74498
8963
8964
8965
6956
8972
41744
74513
41746
74517
8983
74522
41756
74529
9002
74539
9005
41776
41780
83422
41783
41784
41785
9018
41788
74558
74563
9028
74570
45197
9042
41814
9047
9052
41828
9061
74598
74604
9073
9087
9089
74628
9095
9098
9104
41877
9110
41883
41884
74654
41887
41889
6982
41900
41902
9136
74673
9139
74677
9144
6986
41918
41919
74694
9160
41933
41938
41943
41945
74715
9182
74720
41957
9195
9196
9198
41967
9202
41975
74744
99839
41980
72533
9218
74755
74771
9239
9243
74783
9248
9251
42020
23389
42033
74804
9276
42045
42048
74819
74822
74823
94391
9294
9297
42067
7012
74844
74846
9311
9312
74852
42086
74856
74858
42094
42095
42098
17939
74868
74869
9337
42114
9348
9350
42120
9353
9354
9356
9357
39789
42132
74903
42137
9370
42139
42141
74913
74920
42153
9393
12489
42174
74945
9415
74953
9420
42190
9431
42205
42208
9441
42210
9443
74982
42224
9457
9461
74998
75002
9469
83499
9477
75014
9482
42251
75024
9489
42258
42259
42260
67118
42266
75039
9505
9507
75044
75049
9516
83507
42292
75067
9537
42312
75090
65786
75104
42339
75110
42344
9590
42361
50751
9598
9600
42371
9609
75150
42390
75159
42394
9628
42398
75170
42408
75182
39837
65789
42425
9666
42437
9670
60334
75215
99918
9687
42465
94459
9701
9707
9708
9709
9711
75250
75251
9720
12543
75260
75268
42509
42510
42511
75280
42514
75290
42523
75295
75299
75303
9769
9770
9773
75313
1631
42556
75328
75332
9797
9801
42570
45325
42580
75349
75358
9823
9824
28944
75364
9837
75375
9843
75380
42619
42621
9854
9855
75396
78102
61720
75410
42643
9878
9881
75418
9883
75434
75435
75436
75441
75444
9910
42680
42681
42684
42687
9920
75460
9926
78113
75468
75469
75472
9942
9951
9954
7121
42733
75502
42735
9968
75505
75507
42743
9984
75522
39895
42764
42765
9998
75537
42778
42783
42788
10024
10029
75566
75567
75571
40706
75582
10050
10051
42821
42822
10057
10065
10068
83598
75610
10075
75613
42846
10080
10081
42850
10092
42866
10102
42871
42874
45375
75644
10109
10120
42889
60079
10131
75672
10143
10144
42229
75684
10150
75693
75694
42927
42929
42939
10176
75720
42955
81029
10196
42966
39929
75737
75738
23546
42978
75747
10215
72700
75755
75770
10238
10242
10243
43012
75783
99634
43020
61784
10266
43039
43041
75813
75819
43052
10286
10294
10295
10297
75842
75843
10309
24348
43081
54900
75862
75876
75877
10342
43118
43120
10353
10357
75894
43127
75896
75897
43139
43140
43145
43146
10381
43150
45421
43158
10392
75930
75933
43168
45424
43170
75939
43172
10405
75942
75945
10411
10412
39965
43186
43200
10441
75978
43211
75984
94584
43221
75990
10463
43234
76003
10468
56358
10470
7207
43244
76022
10489
76027
43266
76037
43270
10504
43273
10506
10512
10514
10518
76062
76066
76069
10537
76075
10548
43318
43321
43323
43325
13445
43333
43334
43346
76115
10581
39993
76121
10589
43358
10594
43364
10597
76134
43376
76145
39634
10619
43393
76169
43403
43422
10657
43427
76197
76199
76203
43439
43441
10688
10689
43459
76230
10696
43465
10700
43469
76246
76251
10716
10719
76258
10726
76264
10729
10731
76270
10735
43508
10746
10750
43522
43526
10761
10774
76312
10777
43547
10781
76325
10793
10794
43565
43576
76348
43584
76353
43586
76364
29113
43609
43611
10847
76390
43626
76399
76403
10868
76407
43642
76420
76422
10888
43658
10894
10898
43670
10903
10906
76443
76447
76450
43685
76454
10927
43698
76476
43711
10948
76487
76490
76494
10960
76497
10963
43732
43733
10972
43741
76510
43754
43757
43759
10994
10996
10997
10998
11000
11001
76540
11011
76548
11015
11021
43792
11026
43796
43801
11042
61915
96387
11048
76586
76588
11057
11068
76605
76606
11074
43846
11079
43849
43864
76633
40080
43888
43892
43895
76671
76676
11147
76685
76688
43924
11159
11160
1860
43936
11170
43943
76719
83784
76723
43961
76730
43964
11198
11202
11204
94710
11208
43977
45559
11216
11218
7331
44000
11234
23718
76775
11240
44009
11242
76779
76783
44019
11258
44038
44041
76814
56494
51033
11290
11297
76837
44073
11310
76847
76849
44084
76853
61961
11322
76860
44093
44094
44097
44099
11342
11343
76884
11349
76890
17836
44124
76894
11359
76896
61968
44133
44134
44136
44138
76911
44145
52753
11388
11394
40129
11404
44173
76946
11414
11416
76955
11423
76963
44200
44202
44203
11438
44218
76988
76992
76995
56524
78370
77007
51064
11474
77013
11487
44259
11492
44261
11494
44264
77033
44266
11506
77044
11514
77053
11519
11521
44293
11526
44295
77064
44297
51074
11534
63580
11538
44323
44327
44330
51079
11566
44338
77110
11576
77116
44349
11587
77127
77128
11593
11597
386
44370
72931
11607
56034
44382
11618
11635
89321
11640
77191
7404
11658
77203
77204
34713
77211
44446
44447
44454
11690
11691
11698
77235
44468
44482
12876
77258
44491
77261
11733
44503
12879
44508
44511
44514
56571
45649
18343
11757
77297
4756
44532
11765
77315
44549
44550
11784
44556
77326
77330
11795
44566
77335
1968
11814
77356
77358
77363
77368
11833
76773
44606
77375
77376
77377
44610
11843
77380
67510
44616
11850
44621
44622
44630
44638
44639
77408
11876
77417
11884
77421
44655
78440
44659
77430
44663
44665
77435
77438
77440
44682
77453
44690
77461
77462
77464
77471
77473
11939
11946
44720
77494
77496
11964
77501
44736
77518
11983
77529
77537
44774
44775
40231
20398
40233
12037
44814
77584
77587
44821
44826
44830
12066
44836
44839
77608
77609
77610
34227
44847
44862
44864
29323
77637
7479
77656
2020
12122
77660
44894
12129
44904
59325
77678
77679
44913
77684
44917
2025
44924
44925
52779
44933
12170
44939
44940
44945
12181
44955
77725
12192
44964
77739
77743
77745
44983
44988
77762
44999
77776
77785
77788
12253
77792
45025
45026
12261
12263
40274
77809
23891
45045
45145
77817
45052
12288
12290
409
94892
12299
45070
77840
12305
77842
62126
77848
45081
77853
77855
45091
12326
45096
12333
12338
77876
12347
45116
12352
12353
45128
45751
77902
45136
77910
77911
77913
77917
45161
45166
77940
77947
45185
12418
45187
45190
77959
45192
12426
12429
77967
45201
12437
77978
38604
12456
77994
34845
78001
12467
45241
45242
12475
45245
78025
12491
12493
12497
12500
78037
12502
45272
78043
12521
45290
45294
45299
78079
12552
45322
12556
78093
78094
45328
78097
12565
12566
78103
12568
12570
12575
12577
12581
12585
78122
78127
12592
45366
18484
12606
78143
45376
78145
45387
78156
45390
78159
45393
12626
45395
45396
78167
45402
45404
78179
13030
78188
7570
12654
78192
45429
12663
78205
45439
45443
78213
45446
78217
78221
12689
45458
78229
12697
12700
45470
45472
45474
45487
45488
29427
12727
12729
78266
78268
78270
78274
45509
45510
45512
12749
12753
56739
78292
78296
45529
12768
45538
18513
12777
45546
14376
12781
78324
12790
78327
78329
45563
78333
12798
12801
12802
45571
78344
12811
12814
12816
3700
45587
86626
45828
78362
45595
45597
12830
12831
12834
78373
13063
45613
12847
45616
12849
73139
45622
1519
45624
12858
45627
12861
12862
12863
78400
40800
12867
39709
78412
78415
7608
45652
78421
78424
45658
45661
78431
12898
45670
12903
45672
12906
12909
78450
94995
34921
45690
45691
45694
78464
78469
45707
78477
78480
45713
78482
45718
78489
51311
45724
12961
7622
96451
12967
78504
12969
78507
78512
45750
12983
12991
12993
45763
78535
78540
45775
78552
78559
45798
13031
13032
78577
13044
78582
45817
78586
13055
78596
7638
45831
13065
78604
78608
45845
56793
78623
78628
67718
13094
13096
57175
78646
13114
24031
13116
33912
45888
78659
78661
78664
13137
78675
78680
78684
78685
13150
45920
13153
45884
78700
78703
45940
78710
45946
13180
78717
13182
78723
78724
84118
78737
78739
45974
78743
78745
78748
34970
45982
13125
78754
45988
13221
78761
45997
13233
29901
46006
13239
46011
78780
46013
46014
46019
13257
78794
13263
46035
78808
13273
7674
13283
78821
46054
46066
13301
46071
78845
29525
46085
13318
78857
78858
46091
46092
78862
46099
13333
35360
62298
13342
46115
78885
13361
13362
13364
78902
46135
13371
78909
78910
78911
13379
78916
13385
78922
78923
13388
46158
46159
78932
13399
78936
46171
84154
13407
46179
13420
24082
78960
78967
78969
13443
46212
78981
78982
29548
78987
13452
46221
13454
78991
79002
46237
21912
46242
13480
13481
13487
13489
13490
79029
13495
13505
79048
79055
73251
46292
18638
95097
13530
46299
46304
46305
46307
13540
46313
51734
13550
79087
13552
13553
46322
45950
13559
79098
13564
13569
46340
79109
46343
46344
46348
13582
7725
13584
13592
13600
73264
40497
46377
13610
79150
13616
79154
79155
13620
56101
46392
13630
79170
79171
13638
46407
13642
13644
13650
13652
79191
46427
79197
13663
79202
46436
13676
46454
13687
29589
79237
46470
83382
79244
46477
46479
46483
89668
46491
46500
40518
79270
46504
79273
13738
13740
79277
46510
79286
13752
79299
13768
46537
13770
79307
13782
46554
79324
46560
13793
13805
46580
79349
79350
13816
73300
13820
33262
46594
13829
51457
13833
13836
46614
13849
79387
56922
79390
13856
46631
79402
46636
13883
13884
46662
79434
13901
13902
13916
79459
79466
13245
13939
79479
46712
13947
13949
79488
46722
46724
46725
46727
46733
79502
46736
13969
13971
40558
79514
46751
7792
46759
13992
67868
46763
13996
46765
46769
46025
79546
79549
46784
79555
14025
79571
14038
56953
14042
79584
14053
14054
79591
60480
14060
79598
14064
78803
46839
40575
14077
79614
14081
18731
46852
79623
46858
14093
79633
48479
79637
46870
46872
46875
46880
79654
79655
14121
40583
14132
46906
46909
52845
79682
79683
67894
14154
79692
14158
46932
46939
79708
46941
14174
46953
79735
14200
79740
91967
46976
46979
46980
14213
14214
95213
79761
46999
79769
14238
14253
79791
47031
47032
84298
78837
79808
14273
79812
56993
14280
47050
13303
14284
14286
79824
47065
14299
79840
79841
14306
47077
79849
47084
14321
36484
14325
47098
47102
14335
14341
14343
79881
14346
14349
79897
47134
47135
14369
47138
47139
47141
47144
79916
14386
47158
14392
65947
79933
47167
14400
14403
79946
35170
47189
47192
47197
47199
79968
47399
73403
14436
79973
79975
14440
79978
79986
14451
14453
14454
79994
14459
47233
14466
14468
14480
80017
14482
40643
14486
14488
14498
14500
14502
14504
47274
47276
47278
13341
14513
80051
14530
57035
14533
14534
80079
47312
80089
47322
89807
80099
80103
14569
14576
47349
47352
80123
80124
95274
80131
14598
47370
47372
80145
80148
29742
47383
80161
29745
14632
80170
80175
14652
47421
14654
29750
14662
80200
14667
56136
47442
80211
47447
47450
47452
47453
14686
47457
80227
47460
80230
47470
55046
14707
14715
47487
14720
47492
2454
80262
14727
47496
14731
14732
47504
14737
44834
47509
35225
80281
14748
80289
14754
47525
80296
80297
14768
80305
80306
80309
47543
80319
47552
14785
14787
24311
14799
47568
68003
80345
47579
14812
47581
80358
47595
47599
80369
14840
80381
80382
47617
80392
47625
47626
14859
47629
69236
47636
80407
80409
47645
13403
80424
47657
47660
47664
14902
80441
14906
80443
80444
80447
47684
14919
14922
14923
47693
40719
47708
14943
80480
47718
14951
80494
35261
40471
47730
47734
80505
47739
47740
47741
47742
80512
80517
47751
14985
80525
14991
80530
80533
47768
80537
15017
15018
80560
80561
15030
40735
80574
15043
80580
15050
80589
58331
15055
15056
80593
47833
84431
15069
47841
80612
80620
15085
80622
47855
80625
80630
47864
47865
61606
15106
35286
15111
80654
73517
47888
15123
15125
80665
15134
80671
15136
80673
47906
84443
80678
80680
15151
80690
13449
47928
80698
18912
15171
2530
15186
89913
46223
80732
15198
80736
40763
80740
80742
47978
80750
15217
80754
15220
80758
47991
15227
15228
84458
48004
15238
57153
48008
15248
80789
15254
15255
80793
15258
15259
93254
15261
80799
15265
48034
15275
15277
15282
48057
80828
48066
48069
15306
2551
15322
73551
48092
48093
15326
80865
48099
80870
80871
15338
15339
48109
48111
15347
80886
48119
15354
15355
80897
15365
48139
15373
15377
48146
48149
80919
80923
80925
80927
15392
48161
15396
80935
15400
48170
15405
2569
80954
15425
80963
48196
80967
15433
48205
48207
15440
15442
48213
48216
15451
57189
15459
80998
48234
48235
81009
15474
15475
81012
15477
48248
81017
48255
15490
81028
15493
93262
81037
15503
48273
57255
68121
15520
48290
81059
81063
81066
48305
8052
81084
81089
48329
15565
81103
81104
48343
81113
81118
15584
81124
15589
34344
81132
81136
81137
81140
48373
48379
15615
81152
15622
84524
15631
15632
48402
57219
81180
15645
8070
48427
81202
81203
70354
48446
81221
15688
81225
15691
15693
48464
13539
15700
15703
81244
81245
81246
15711
15712
15715
48485
48486
15720
15723
48492
15726
15730
81267
48500
15736
15742
48515
15748
15757
29933
84547
79086
81313
81322
51783
15790
81331
40862
48566
81335
15804
81343
15814
81353
79095
81356
48594
81366
48599
15833
68175
48605
48607
81376
15843
8103
15858
48629
15862
15865
15868
48638
15871
15874
81412
81416
15882
15887
48656
81432
48666
48669
38719
81444
15909
15910
15911
48680
48684
90034
13576
15927
48699
15932
81469
48702
35424
15938
13580
81493
48729
48732
81501
15966
15970
48741
48750
15984
48755
7079
19049
48762
81532
48765
48766
16008
51820
48783
81555
48790
16028
16030
16037
84593
48809
84594
16049
48824
81593
48836
48838
13601
16073
81622
16109
81650
48884
51838
81659
81662
16129
48899
16134
16137
48910
16143
48915
81690
16161
81706
90077
48944
81713
16179
48948
48953
48954
16188
48960
48966
16200
48972
16205
16207
81744
16212
16217
48986
48987
48989
16222
48994
19089
81769
16239
49012
81782
49015
16248
16251
81790
16256
81794
81797
49030
57324
16266
16270
81808
16273
16274
81814
81816
16283
81821
81825
16290
81828
81829
19100
16300
81837
16302
49071
81845
16310
81848
81850
49090
16328
16329
81866
81867
49100
81869
49104
16341
81888
16357
81895
16363
81902
16368
16369
16371
49141
19113
81913
16378
16379
16380
16381
16383
49169
49174
16411
16416
16424
49195
16430
16435
16437
81975
49209
79199
49214
16448
81986
81988
16455
16459
49229
81998
49232
49236
40974
51897
82017
49252
49253
82022
90129
16491
82031
16499
82036
49272
82042
57365
82052
49286
49291
16524
16525
16533
49302
16537
82083
82085
16553
49322
82092
82103
49337
16570
49339
82113
79223
49357
16593
82132
35534
82135
49373
49374
16608
82145
49382
49385
68306
49392
49402
82173
82182
16650
16659
16662
82200
82202
82203
49436
16670
16671
49441
82210
79238
82214
49447
82219
82221
82224
49459
16694
82232
49468
16712
46476
49482
90168
16733
49504
16739
49508
82278
82286
49520
82289
49523
49531
49532
82301
49535
49536
82305
82307
16775
82314
82322
49557
90180
82332
49568
16803
49574
16807
82346
16815
16818
16821
49590
49591
49592
16828
51958
49614
82387
49625
13733
82402
48558
16871
30120
49654
49657
49659
49660
82429
49663
49664
16897
19201
82455
82456
49691
82462
49698
82469
49702
49704
16940
49721
82490
49731
82500
49734
49738
49740
16977
16983
49753
82523
49756
16990
16991
82531
49770
17005
82548
49782
49783
82558
82560
17031
82568
49802
82572
82573
49809
17042
17043
49812
82584
49820
49825
17059
49835
49836
49837
49840
17074
17077
49847
82616
90228
82619
49852
49859
17092
49871
82642
82648
17115
17118
82655
82656
49890
17124
49893
49896
82665
49898
17135
19240
49907
17144
17152
17154
82694
17162
49931
82701
82703
82707
82709
82713
79322
82721
49956
17190
17192
82731
49965
82737
49976
49979
17214
82752
49987
17220
95713
82760
82763
50001
17234
82772
82775
50015
82785
82787
82789
17258
50028
82801
50038
17273
50044
50048
17281
82819
17289
50059
95725
17296
82837
50070
82843
50077
50082
17316
82855
50092
50095
50097
50098
82867
43542
82881
19275
17349
17354
17357
52045
50130
50136
50154
50162
82933
17398
17404
17406
17419
17423
50194
50195
50205
17442
52059
50214
17449
79367
17454
50223
17457
17459
23495
17465
50240
17474
83020
17487
50260
62990
50265
83034
17500
50273
50275
17508
50282
50283
83054
17524
83064
17529
17534
83071
50307
17544
17549
17550
83094
83096
83098
24773
50336
17569
83113
83115
83116
83122
17589
50358
50360
50366
50374
83157
17622
17623
17624
83162
83163
17630
73936
50402
50405
83175
98789
36595
52095
83197
50780
50434
83209
83212
83213
83219
83221
83222
50455
50461
83233
17698
83239
50474
17709
17710
83250
73950
17722
83259
50492
50494
50497
50499
83269
83279
50514
83283
83284
17751
83289
50525
50527
17760
50531
17764
83304
50541
57576
83314
50548
50549
83319
83320
50553
17788
17791
50560
17796
83337
52119
2968
17811
83350
83356
17825
50596
17829
50602
50604
17837
2973
50609
80112
17846
83386
83390
50623
17857
50627
50628
83400
17865
17868
50637
50638
50639
50640
50642
19363
17878
83415
50654
17887
50664
50672
50680
50683
83453
83455
50692
35757
83475
17944
83481
50719
83489
50731
83502
17971
83509
83513
17978
17983
50758
50760
57612
17999
83537
83538
50771
50773
83542
50776
83547
18012
18025
83566
83569
18037
18042
18053
50823
83594
50830
83601
18067
50838
18074
50843
18082
83625
18094
83632
50866
50868
3876
18110
83652
50890
83668
83669
50902
83672
18137
50917
18150
83692
18158
18159
83699
18166
50939
50946
18183
50963
50967
83736
50969
57649
83757
18223
83761
50999
83769
18243
18246
51015
18248
51023
83793
83794
52195
51029
52196
18266
83804
83805
18276
18283
83820
51053
24893
18290
57662
83832
18297
51069
51073
83842
83843
18310
18311
52204
83850
86809
51089
51092
18326
83864
13978
83870
18336
51111
83881
83884
51118
51123
51125
51127
83897
51130
51133
83906
18378
83915
83917
83920
51154
51155
18389
51160
18393
18396
18398
18399
95923
83945
18410
51179
57683
83957
30377
51194
51199
51202
83971
18436
5360
51208
51209
90455
51222
51223
83999
84002
84003
84005
18471
51241
84011
18476
84014
51247
18482
84019
84020
18485
18495
18497
18503
18512
30392
84054
18519
51293
51294
18528
18530
59538
51306
18542
14013
18544
51313
8553
51320
51322
57706
79552
51334
51341
51343
84114
18581
51350
85017
18586
18592
52251
84138
18604
84146
41332
51386
18622
84160
84166
18631
51404
84174
18641
57721
51417
84188
41338
18655
63184
18665
51434
84205
18670
18672
95955
52265
84218
18684
74112
84226
18694
79575
18700
18701
51475
18712
84249
18714
51486
84255
18720
18721
51493
51497
84267
84285
84286
84297
18762
51531
18770
51539
84311
51546
51549
84319
18786
84325
51558
18795
51569
18802
51574
30087
84358
18823
51593
51595
18833
84371
51611
51612
51615
18852
84393
51633
18866
84403
84408
51641
52299
51652
18888
18892
51661
18895
35918
84438
84441
84442
18907
51679
84448
84449
51682
18922
51693
84462
18931
63230
84470
85076
18939
84477
18945
18946
68694
18951
18952
51729
18963
84502
84503
51737
18972
51743
51747
84516
51755
51756
35933
84535
51768
84546
19011
19012
19015
19020
19025
84568
19042
51814
84585
84587
19052
19057
51826
84601
84606
19071
19081
51852
84621
51856
84625
51858
19095
84633
19099
51868
19105
19110
84649
19115
19116
19572
84668
19133
19134
51907
19141
19147
80290
84689
19161
84706
25041
19181
84721
19190
19191
19193
19194
51967
51968
51969
84749
30509
51989
19222
19224
41434
84766
84770
3206
52006
84775
84776
84778
19243
52012
19245
84782
84785
52019
52020
84791
84793
19270
84809
84811
52044
84813
52048
84821
52055
84827
98844
19301
19302
96060
52074
52079
19327
19331
19334
19338
19339
19341
84878
84883
19609
84890
19357
19360
19361
52131
19364
84901
19371
19373
52143
19378
84915
19384
25076
52156
52157
19390
52164
84934
84941
3235
84949
52182
19417
19420
84958
19427
19428
19436
19437
19439
96083
84985
19450
19452
19453
19454
52224
84993
52228
84997
84998
52235
52236
85008
85011
47567
30553
52249
19483
52258
19492
85033
19502
52273
52274
85045
52279
85048
52281
85050
90634
52286
85055
52293
63329
85066
85067
19533
85074
19540
19542
90639
19548
85087
52324
85094
19560
85098
19564
19565
85108
19573
85110
19575
52344
85114
85119
68302
85123
19590
52360
52361
19596
19598
19602
52373
85145
35569
19612
19613
52382
85153
85158
52423
52402
19639
85179
52415
85185
85186
52422
19655
52424
19657
19663
85202
19687
52458
52463
52465
52469
52474
79743
19710
19711
85249
85254
85260
19726
85268
52505
52506
52510
19743
19746
19751
52520
52521
19757
52526
19759
85298
85300
52533
19770
52541
85310
52544
19777
52546
85316
52551
85320
19791
19792
19798
52567
85338
19809
52581
52582
14225
85352
27938
19821
85363
85366
85369
63381
85376
85377
85380
19847
85384
52621
85391
52626
52629
52630
85401
19867
19868
25157
85411
77602
19898
19902
85441
52677
52680
74317
19920
52689
19923
52694
85466
85477
19943
52713
52718
85489
19958
52730
52731
52739
19974
19979
52751
19984
85521
52757
85530
14255
52766
20002
52774
85544
3335
20013
85551
85554
52787
52790
85563
20028
20030
52800
52801
68875
52805
52808
20042
74338
85586
20052
52822
85591
52827
52831
85601
20067
52836
20071
52841
57959
20077
85614
52848
52850
20084
52859
85633
85634
52867
47041
85643
20110
52883
52885
52896
52902
20137
20141
52910
52911
79816
52914
20149
52921
85279
85692
20163
52937
52938
52939
52941
85712
85713
20179
49453
85724
85727
20194
85731
52964
52971
52981
20215
52985
85763
20228
85768
53002
20237
85780
53014
53015
85787
53020
20255
79835
85799
20271
53042
36147
20276
53047
20283
20285
20287
20292
20294
53065
53068
20302
85841
20308
20309
53078
85847
53085
79845
20322
53091
37775
20326
85863
53098
85867
53100
8850
85874
85877
53111
20345
20350
20351
85892
53125
20367
53136
85911
20376
53148
20381
53154
85924
8860
19783
53166
68936
85939
48689
53175
47093
53186
85955
53191
85962
53196
53199
96248
53205
20440
20441
20444
85982
19230
20451
53221
20454
20455
96252
85994
53227
20472
86018
53255
20490
86034
20501
53271
53274
86044
53283
20516
68956
53294
20529
53299
86068
86073
20539
53309
53311
53314
86084
53318
52577
20554
53323
20558
53332
53334
86103
20579
53348
20582
53353
20590
86128
86136
20606
20608
20612
74433
86157
86158
86168
53407
53408
68976
86182
53415
20648
53426
86195
53428
86201
86209
86211
20678
53448
20684
86221
20686
86224
86228
20693
43243
20698
74886
86239
53473
20707
86246
86257
20727
74453
53505
85682
53527
86298
86300
86302
86304
86313
86317
74461
20784
52616
53559
86328
20794
20795
20797
53566
20802
20803
20806
8929
20808
20810
20811
53581
53584
53587
86361
53595
53596
20829
86366
41701
53600
20837
20839
86376
86378
86381
86385
86393
20860
20862
69013
86406
86414
20882
86423
20896
20898
53672
53678
20912
86454
86461
53694
20932
53702
63564
20940
20941
20955
86495
86499
20965
20967
8336
8957
53744
53748
53750
53751
86522
86523
86524
41728
53763
21004
53775
53778
21011
53780
21014
53785
53789
21023
21029
53799
30812
53802
86573
86575
21041
21043
86582
21048
21051
86594
30817
21068
53837
53838
7778
21074
21075
58126
21078
53847
53076
86620
21089
21090
53869
53874
53875
21109
53879
53881
21115
86659
53893
86663
86668
21136
53907
86681
53920
21153
21157
21158
86697
21163
53932
21165
86702
85448
53939
53944
21177
53947
86717
53950
53957
86726
53964
86733
21200
25379
86745
90917
86754
25382
86758
21229
86767
86769
21240
21241
21242
86780
86782
21248
21249
21251
54020
86794
54031
21265
54035
21273
54042
21278
21286
54056
54062
54075
54076
21311
54080
54084
86857
86870
21338
54113
54116
21349
21351
21360
54132
3561
21369
21373
86912
86915
86917
86918
21384
54158
54162
86937
54172
86944
69104
30875
86950
86952
54189
21422
21446
86983
21448
86987
86990
21463
54232
87001
21469
87011
54251
54265
21500
21509
74583
21516
54294
87070
21538
21539
47281
21544
69127
87086
87090
54323
54325
30900
54331
87101
54339
54345
54349
21586
54355
54358
87127
21592
21598
87135
87137
21606
54375
21609
21614
87151
21618
54387
54389
54400
87169
21634
87172
21638
54409
87178
87181
54414
21647
87186
87187
96453
7361
21668
87209
96455
54444
87219
21685
87224
54459
54463
90999
87245
54478
87248
54482
69155
21722
87273
54508
87279
21744
87296
87299
87300
87303
87304
85549
21777
87314
87316
54549
54550
21784
87322
21787
14554
69169
87337
54572
87342
21810
87349
54584
87353
87354
54591
21826
87370
21838
21840
21850
87389
21855
87396
21861
87398
47335
87404
25490
87408
87410
85566
54650
54652
21886
21890
54667
21900
54669
87440
21905
85571
87446
87447
54680
21921
91035
87463
21931
54704
87475
54711
21944
87482
30965
21952
21966
21972
54743
21979
54748
21982
54751
43286
21994
87542
22008
54782
22024
9132
22026
87568
87573
54807
87576
87578
87579
54813
54814
87585
85595
22052
54822
54825
22059
54830
22063
54833
22066
87603
22072
22085
87624
54859
22092
54863
22096
54866
36743
87638
87640
87642
54878
87648
54884
87661
87668
91070
54912
54920
87690
54927
87697
87698
87703
22180
22181
54950
54952
22189
53113
22193
87735
87737
87741
54975
54976
87745
22211
22215
54985
95668
22220
87757
22224
22225
54994
87765
22230
55000
87769
55011
55015
55016
87787
55022
22255
22256
87796
36478
22262
55032
22271
55044
55045
87814
22281
87823
87825
22297
55069
22307
55078
22311
60755
22320
22323
22332
55105
79305
87880
22346
55116
22350
87887
87888
22354
87891
87892
87896
22363
87901
87902
87910
55143
22385
22392
55165
87935
55169
74731
87940
63809
87944
87946
22414
87952
87953
55186
22424
22437
55207
69276
87988
87998
58357
88006
55251
88030
88033
88035
22500
88038
88042
22509
88053
22520
55292
88062
55298
55303
88073
22542
36525
55312
22545
41987
88088
14682
55326
55328
55330
55340
88109
55342
88115
55349
88121
88122
55355
88132
55367
22600
88141
88143
22608
70585
14691
22620
22638
9235
55418
55422
88192
55427
88204
55437
55441
22677
88218
55451
22684
98957
55463
88232
25628
88234
88235
55474
22707
55486
55490
88260
88262
88265
55508
22741
55510
22747
55517
55519
88291
88295
22761
22763
88303
22774
88311
55544
22777
22781
55551
88323
69334
88328
55563
88335
55580
88349
88351
55588
55589
22823
55592
52956
34585
88369
55606
55608
9268
88380
55620
22854
22855
63884
93507
55628
55635
88407
88410
22886
55662
22897
55666
47507
55669
55671
91199
88446
55680
88449
55683
88452
55692
55694
88464
22933
88472
55710
55713
22948
55720
80284
55727
22963
55735
55740
55743
88513
22979
88516
22982
22987
55756
22989
81509
55761
88539
55776
88545
88547
55783
55786
23020
88557
23022
55791
23025
23030
88569
58454
55815
23052
55821
23055
79329
69380
55834
23070
88608
23074
14769
55848
23081
23083
23086
23089
88629
88630
88631
42079
88636
55873
55877
23112
55881
23114
23117
23118
23119
88656
88657
88658
88659
55892
55896
17137
23132
23133
55905
74854
88688
23154
88692
23167
88707
55941
23180
55952
63940
88731
23197
88735
23200
88741
85788
3869
23217
55992
88761
88762
23229
56000
88771
88772
88775
36642
23251
88792
23257
56026
56027
23266
23289
23300
56070
88851
23317
14809
53039
23324
56093
14811
88869
88873
56106
85810
9352
85811
23351
23354
56124
58506
23358
88897
56131
88900
23367
23368
56138
56143
56150
88923
88924
3898
69435
88934
56169
56170
23403
23406
56175
56176
88950
88954
88955
56188
23421
88961
56197
88967
56206
88977
88978
56213
23447
53060
42138
56224
88995
56229
56231
23465
56238
23473
23477
63988
89021
89030
58529
23496
89039
36687
23516
89056
23521
23522
23527
56296
56298
89071
89077
23542
23545
56314
56315
89087
23555
23557
80385
89099
55341
89104
23573
89110
89112
23579
56351
23590
89128
89130
23602
89144
89145
23612
23613
23616
56386
56390
89160
9399
56396
56403
89174
23641
56417
89192
89198
56431
23667
24793
56444
85866
56453
56455
89232
23698
23702
56473
89244
23709
89246
23713
56484
62984
23720
23724
47949
23726
89263
56498
89276
23746
56515
56516
56520
91340
23755
23756
23759
80419
89303
23770
23773
89312
23778
56553
23789
23790
56559
89328
89330
56564
23799
89336
56569
23802
23803
23811
56580
89358
89359
89361
23826
23828
56607
23841
56612
56615
23850
23851
56621
23855
89394
23866
89403
23869
89406
23872
89411
23876
56656
89427
53135
89438
89441
89444
42214
23910
23914
23915
23916
56690
56691
56697
23937
56712
56445
56723
56727
56731
89501
56738
89507
89509
56742
23976
23978
47687
56749
96840
89523
23991
56762
47690
89535
89536
56771
89541
89543
89547
56782
89557
89558
89561
24028
42234
56799
56811
89584
56818
24068
89609
56850
56852
89621
56855
24089
24091
56867
56871
89640
89641
89646
89648
58632
89650
24120
56892
56894
56900
24135
89677
56910
24144
24146
24147
56920
24153
24154
24155
24159
56928
9488
24168
56942
24182
24185
89724
24192
56961
89730
56967
24203
89740
89744
56979
56986
24219
75034
89761
56995
24229
24230
57001
57002
89772
24237
24238
57012
24260
24261
24266
89803
57037
24271
24275
57048
57050
89823
89824
9327
57059
89832
80508
57070
57073
24310
57079
4052
24315
24316
24320
89858
24330
89876
85977
57114
57116
89886
89887
57124
57135
89904
25908
35951
57151
89921
24391
24392
57161
57163
24401
89943
57179
36820
89949
57187
89957
57192
24426
57195
89965
24432
57204
57205
89979
24450
89987
89988
58644
24458
80536
57247
24487
24489
57258
90030
24495
57264
24498
24499
90036
90037
24502
24503
90044
57279
57280
24514
24516
90053
90060
24526
91469
24528
24530
24535
57305
57309
24542
24548
57321
24556
90093
90095
57329
90108
91382
57349
24585
90122
57361
24597
57369
24605
24606
24609
90151
91484
57386
24623
24628
90165
24630
24632
90169
57404
24637
24644
57415
90184
24650
24652
57421
90191
24656
24658
57429
24668
57437
90209
45558
24684
90222
90225
57460
90229
24694
57464
57466
57467
57470
57475
57480
90250
57491
57492
57495
90264
90265
57499
24734
57505
24739
57512
24745
90284
57521
57525
57532
47818
90303
90304
90305
90309
24780
90318
57551
24791
90328
53284
31439
57567
90343
24808
42366
57590
90359
24829
57606
90380
24845
57617
90386
90390
80601
57624
90393
90395
90396
24862
80603
24868
57640
57642
96839
90418
57656
90429
90430
24895
90432
57666
90436
90437
25925
15073
25997
24915
90453
20537
57688
57691
90464
24930
24935
90474
24945
57716
24949
90489
57723
57725
24961
57736
24974
57743
57750
90522
80623
24989
24990
24991
24992
24995
90533
90536
90539
25004
25007
90546
25013
69574
90560
25032
22656
42402
25039
97016
90589
25055
4176
32477
57828
90598
90600
31484
57838
57839
25074
90612
25080
90618
90621
69717
90627
57862
25098
25103
90641
57874
90643
90644
57880
25113
90655
57888
57892
57899
57902
90672
90676
25142
57911
25149
90692
90693
25159
25166
57935
90705
57941
57948
90717
36965
90721
90724
64273
57960
25194
69735
90732
90733
57968
25202
25203
57973
90747
25216
25219
90757
90767
25239
90787
58020
90790
58026
25270
25272
58042
58043
25284
90823
58057
25293
58062
25295
58064
72857
9679
58080
90853
58089
58090
25326
90864
58097
90867
58102
58110
25343
25345
25347
90885
58119
25354
25358
90895
25362
25369
36997
58146
58147
25380
25381
58150
58157
58159
25392
25394
25395
25413
58183
25416
72861
25425
58194
90963
58197
25432
58206
58207
25441
58214
58215
25452
90995
58228
58231
64319
91005
25471
25472
91011
91012
4246
58247
91019
25485
91022
25488
91026
58259
25493
58863
25500
58269
58271
58273
58276
25514
25515
91052
25520
91059
58294
58302
58305
25539
91078
20641
91083
25551
91089
58323
58328
91097
91099
91102
25568
91106
25571
58344
91116
58355
25589
25591
26111
58366
25600
25604
91141
91149
91160
25625
91163
91164
91169
25636
58886
86194
25651
58431
25664
58434
25667
58451
25686
91224
9743
58462
58466
91236
25702
25703
19593
9746
25714
58483
58485
25722
25723
58492
58497
58501
25735
25738
25753
58523
25757
25758
91297
25764
91303
91305
4536
91317
25785
25786
25787
91328
58566
25799
53452
42322
25805
58579
58582
58584
64378
25828
58600
58606
58608
58612
25845
58614
91385
91387
91388
86229
91396
91398
91399
25864
91402
31618
75309
25876
58647
91417
25884
58653
4315
25894
25896
25903
91441
25906
91444
91448
25922
91460
58934
25927
25929
58699
25933
91473
25939
58712
25946
58716
48016
25963
25966
58736
25976
25982
58946
25998
26002
95794
26010
80794
58784
26021
58793
91569
91574
26041
91583
91585
48877
91594
91596
80802
91598
91600
58833
26070
91607
91609
91622
91623
91625
58858
26091
26095
26102
58873
42581
26112
26113
31659
91654
91667
58901
58903
58911
58912
91685
91689
91692
91693
26159
26164
26166
26168
91705
58941
91714
26179
37133
26193
91730
26197
26199
26200
58973
58974
89254
58978
26212
58987
58989
58990
69907
91766
26234
71797
26240
59011
59013
26254
91792
59025
91795
57613
91799
91803
91804
91808
91809
26274
91811
59046
91820
26285
59054
26299
59068
26302
59078
26313
26314
26316
26320
91861
91866
91868
4389
26342
59112
59117
4392
26354
26356
59125
91896
91897
91898
91900
59134
97239
59150
91921
26387
59156
26392
59164
64474
4400
69937
26408
91948
59182
80861
26418
59188
59199
26437
26441
26445
91984
59223
26458
59228
91998
92536
92003
59242
59243
92014
26480
92028
80875
59269
59275
53571
26517
92057
59291
26525
92063
26528
59297
92073
59306
59307
26541
59310
59312
87083
92082
92086
26557
92097
26566
92103
92104
26570
59340
33619
59359
92132
4433
92145
76152
92149
26617
26620
59391
92163
59396
64513
92169
4439
92172
26641
92181
59417
26661
59432
86364
26668
59442
26676
59446
92220
26686
59457
92234
59476
4452
59487
59489
26722
59492
59496
92269
26734
92276
92277
92285
59519
26752
42688
26765
92306
59539
26778
92317
59550
92319
42694
26790
92329
92333
92336
59570
26804
59581
26814
26815
92357
92358
92362
92365
26831
59601
92370
92375
26843
26845
92383
26851
92390
59625
92396
92398
26864
26865
92406
92411
92412
15402
92418
26884
92421
92422
26894
59669
97327
26912
59691
92465
26933
59703
26936
92473
42719
92479
59713
59714
26951
59720
59721
26954
26957
26962
59731
20878
59736
26970
92507
92510
26985
92522
42727
59756
92529
59762
59763
92532
26999
27000
92543
92546
59779
27014
92554
27026
92566
27031
92570
92573
59806
27039
75504
27046
42737
59817
59818
64583
92588
92589
92592
27058
92597
59831
59833
27067
92607
53664
27074
27075
59846
59850
59851
59853
92630
92636
27104
92641
92651
80978
27123
92660
27127
27128
92665
27130
80981
92672
92679
59912
27146
27147
92690
59929
92701
92703
92705
27171
27174
27177
37298
59957
27193
59963
59965
59966
59968
53646
92742
92747
59981
27217
92758
92760
27230
59999
27232
27236
92775
92778
60012
60015
92785
92789
27259
60028
92803
27269
68558
27280
60049
27283
60053
27286
60055
60056
27290
92827
60060
60061
27301
60070
27303
27304
60073
92844
27309
60078
91933
92851
27317
27319
60095
60096
27335
27337
60113
27347
27350
31865
92889
27354
60127
60136
27369
60141
60154
60155
92927
60162
27395
82747
27402
60173
59103
92945
92949
92952
92955
27422
48261
27424
60196
60197
92966
27431
27434
27436
92973
92975
27440
60212
60216
92990
92992
92993
27458
92997
60231
27465
60236
93006
60239
27474
27479
60248
37348
48271
33649
27488
27494
93032
93033
27499
60271
27506
60276
42814
93047
97428
60283
27516
93054
93056
27524
60293
20975
27548
93087
60321
27557
27558
27566
60346
93116
93123
60356
60357
27592
27593
27594
4532
76344
93143
93151
93152
27618
27621
53756
93164
93165
60401
93173
93178
27646
93184
27652
27655
93193
93194
93203
27671
93211
93212
93217
60457
60459
31922
27694
60472
60476
78527
27711
27712
27713
27714
60484
60486
27722
27725
60494
93266
27731
60501
60502
94894
60506
60509
93279
60512
4624
93287
27754
27755
37394
60527
15109
60537
60544
26475
60548
60549
27782
60552
60559
60562
27795
27797
60568
27801
60570
4199
60572
27806
93343
93347
27814
27815
27818
60587
27820
93357
27826
60595
27830
27831
27835
93372
60607
60611
27844
93382
60618
60631
27865
93402
93411
93412
60647
60649
60652
27888
27891
93428
60664
27899
93437
27904
27908
60679
60680
55833
60689
92035
27924
27925
27926
60701
60705
93474
60707
93477
60711
93483
60719
27954
27956
53305
93495
93499
93502
27970
27971
64737
56579
27977
60748
93523
93532
81125
60768
28001
60774
60789
28023
93571
93574
28040
93577
93578
93579
60815
28053
28056
28058
28063
93604
28074
93611
28076
28077
60853
93625
28092
60861
28100
60871
60878
60879
60882
93651
60884
60893
28128
60903
52220
60911
28144
93682
28147
93687
97535
93696
60929
28164
93705
86615
28176
21080
60947
60950
93725
60963
60965
60971
28209
48393
60986
60995
60996
93765
28236
28237
61013
67011
28254
28255
75707
93797
28270
28271
93810
28282
93825
28291
93828
93836
61072
93847
93852
93857
61090
28323
28324
26567
26568
28338
93875
93876
93882
93884
93885
61120
28357
93894
93895
93902
28369
93910
21113
93915
61153
93929
61162
28396
61167
28401
61170
61172
28406
61180
93949
28414
28418
64811
93957
93959
93962
28427
61199
28432
61206
93983
93985
28450
93995
48434
28465
28469
28475
28477
61252
61261
61268
61269
61274
61277
61291
61294
61297
61299
94071
28537
28539
61310
94080
64832
94084
28549
61328
61329
61335
61336
94108
90424
94112
28578
61347
61349
61351
94123
94126
28597
32073
28604
61383
94155
61395
94164
28629
4772
61403
61408
28641
61416
61418
61419
28654
94194
28659
61428
28661
32597
94200
28673
28675
94215
61448
28681
28682
94226
61461
61465
94234
61467
94236
28701
94244
28719
61488
28724
97630
61498
61499
28734
61505
94276
94282
28748
94288
61521
61529
94299
61538
61542
28775
28780
28781
94318
61552
61554
97641
61562
94335
61571
28814
61583
48494
28823
28825
94369
94374
28839
94383
28850
94387
28854
61623
28862
28863
28865
28868
61643
61644
28877
94418
61652
4814
94422
19511
10277
94435
66430
28903
28905
28909
28911
28913
28915
94458
28923
28930
61699
61703
94472
61708
94480
94481
61715
28952
28954
28958
28961
61734
61735
94508
28974
94513
94514
94802
94519
61752
94522
21215
28993
61767
94536
54431
61774
94544
61781
94552
61786
81295
94557
94559
29027
94569
29038
61813
61815
29048
61817
29050
94592
61828
50069
94623
94629
94630
54001
29096
29097
29099
94649
94651
61893
61899
94668
94671
94672
94676
54009
29147
94684
29151
61923
94695
94697
94698
61932
29168
35110
61942
61947
29181
94718
61952
29190
29191
94729
61963
29200
29201
94740
94741
61974
94750
29217
29219
29223
64947
29236
94774
62013
29249
29256
62025
62026
62028
62034
62035
94804
94809
62043
62049
62050
94819
43110
29289
91631
29299
21707
29303
62076
29309
62081
62091
94871
62104
94873
94878
62113
29349
94887
62120
62123
29356
29358
94895
62134
15817
29368
29369
62142
94917
62159
94928
29399
94938
62172
29412
29419
94957
26749
94962
94963
29442
92289
29450
94987
29455
94992
62225
62226
29459
29462
77884
29465
62235
95006
29473
95015
62248
95021
81373
29489
95035
29500
62276
95051
29517
62293
95063
29530
62305
29542
62315
62316
62317
29556
62329
29564
62336
29569
29582
29588
95125
95129
10394
62372
64355
95145
29610
95151
95162
95166
81398
29638
29640
10402
95184
95185
29652
95191
95194
29670
95207
29672
62441
62442
95212
29677
29679
83914
62450
95220
15870
29689
29690
95230
95232
29701
29702
95241
95248
95249
97796
62492
86874
29727
29736
95273
29738
97799
26802
95278
15880
95284
62518
29752
29754
29761
29763
62532
62541
62542
95318
62554
29789
29798
3051
29802
29803
20275
62582
62586
62595
62600
95375
29841
62610
95390
59590
29863
95401
95407
4979
62645
29881
29882
62655
29889
95437
62679
29920
95460
62693
81447
62701
95483
95491
95495
62734
15917
21379
29976
62745
95514
95524
29991
62760
95530
62764
30000
62770
65075
95541
95545
62779
62787
62789
62103
95574
62807
62809
95579
95585
95588
81468
62827
62834
30067
30068
62837
95608
95609
30074
95611
76011
5014
15937
62858
62861
62865
30100
16278
54169
95640
62873
30108
30112
95651
65094
95655
95656
30121
30126
30128
30130
62900
95671
30138
30143
62912
30148
95685
95686
95693
92659
62929
37795
30165
95703
62936
62942
62943
62945
78475
62954
30189
95730
62963
62964
62965
62973
30206
95743
95747
95749
95752
95758
30225
62998
92420
30239
95777
77386
99057
30255
30258
63028
30262
30265
95802
63037
30275
95813
37815
30286
95823
63061
37817
30296
95833
30298
95837
63070
95839
95843
30310
16285
30313
30320
63090
63096
30333
92437
30339
63109
95880
30348
95887
63125
95896
32367
95907
30374
63145
30378
63151
63153
63155
63156
95927
63160
30397
30398
30402
95939
30409
32375
63181
30416
63187
95960
95963
63196
95968
63202
30437
81533
30451
15998
63227
30462
95999
63233
63237
96011
63252
30485
96022
96024
30490
96033
63272
63275
63277
96049
63286
43316
63292
30537
63310
96082
21475
96086
63319
63321
96090
30556
63327
63328
30561
96100
30565
30566
63335
30574
96112
96126
96127
63361
63362
96133
26945
30601
77398
63377
30610
96147
30612
96149
30614
96155
76101
30631
63400
30636
63408
92488
63410
63412
63413
96184
63417
96196
63431
96200
30667
96209
97955
21497
30680
30691
63462
96233
63469
66490
96240
43347
30712
5660
30717
63488
96258
63495
96264
96267
96269
96271
96273
63507
63510
96284
96285
81585
96296
30761
96299
30767
26974
96310
63543
30778
63559
30792
63562
63563
96332
32440
30803
96341
30806
96344
96345
63578
60435
96352
5136
96357
30822
96362
96374
63610
30847
63617
6594
30852
96391
63627
96397
30866
96403
63636
35944
96410
96411
96413
63647
63648
96424
63660
30893
96436
63669
81609
63673
63683
30916
63685
63687
30924
10616
63699
96469
30934
96473
32463
96483
30949
30950
63732
63733
96508
63745
30979
96519
63752
63755
63757
96526
96529
96533
96534
96535
63769
96540
96548
96550
63786
31020
98013
63792
68683
43401
31040
96577
31042
63811
96585
96589
96590
63823
63824
96596
63829
96600
31065
96603
63836
31073
63847
96618
96619
31084
96628
96640
96642
31110
31114
31116
96655
63889
96658
96663
96670
63906
31139
63909
31142
31143
63915
63917
96690
63927
96701
31169
31170
96708
63942
96714
96718
96721
63956
31190
31193
63965
96734
31201
31202
31204
31205
31206
96744
96745
63983
31217
31220
96758
63993
63996
31236
96776
64017
64019
96788
31259
64038
64039
64041
73056
64053
96824
31289
96827
31293
59829
96834
31303
64072
31305
96845
96846
31313
96852
96863
31330
96869
64105
64108
80696
96881
96882
96888
96894
31359
64131
64133
64135
31380
64154
64155
64157
31392
10694
73060
64331
75060
76232
96951
64185
64191
64198
96968
64203
96973
96974
96975
64214
26143
96988
64222
96992
64228
31465
31470
31475
31480
66516
97021
64257
64260
97029
64265
31505
97044
64277
97049
64282
31519
28648
31524
31525
97062
31533
97072
64309
87177
31550
97087
64324
69792
64342
64344
31578
31584
31587
31588
87251
70801
97128
31595
97146
97147
64381
64382
97151
31617
97154
31620
97157
31625
31628
59885
64404
31644
97181
97183
64416
31649
97187
31652
64421
31655
51246
31660
31667
97209
80707
64443
97213
64449
31689
31692
31694
48973
64468
64471
31706
31716
64487
97256
64500
64501
97271
31740
64509
98133
97281
31747
31749
97288
31753
64522
31755
10754
97297
64540
31774
97311
64547
64550
97320
97322
27143
97325
62842
92680
97330
97331
43529
64569
64570
97341
31814
31815
97355
97356
64591
31824
97362
31829
65380
97370
31837
64608
64612
97387
24193
31857
31859
64632
97401
97404
64639
64645
97